20 190 100.0 19 19
5 18
6 15
10 17
6 16
5 9
4 6
2 7
6 19
5 10
2 9
10 18
0 2
10 19
3 11
3 5
0 5
4 7
8 15
11 13
5 7
0 6
8 16
4 13
1 5
17 18
2 11
2 19
1 18
0 19
12 14
5 17
10 11
4 15
0 9
5 16
2 3
3 6
2 8
2 16
7 10
3 12
8 17
7 12
11 15
4 8
0 14
1 12
14 16
1 6
12 19
6 8
0 15
0 18
15 16
16 19
6 9
3 4
17 19
1 3
2 18
0 13
1 2
12 17
7 9
5 6
7 18
2 4
0 1
4 16
7 13
6 10
12 18
0 4
1 9
7 15
9 13
0 3
2 13
11 14
8 19
5 15
5 19
6 18
0 16
7 14
1 17
3 16
3 13
4 11
11 17
5 11
18 19
8 14
10 14
6 14
2 10
2 17
0 12
2 5
2 15
3 9
1 11
14 18
9 15
9 12
2 14
7 17
9 19
1 13
1 10
3 19
3 7
4 19
10 13
5 13
6 11
15 18
13 18
9 17
13 16
5 12
1 16
4 9
1 7
6 12
0 17
7 8
13 14
12 13
1 4
11 12
8 13
9 18
10 12
3 10
3 14
2 6
3 8
16 17
14 17
0 7
8 11
7 19
10 16
6 13
12 15
0 8
14 19
3 18
1 14
13 17
16 18
0 11
9 11
5 8
7 16
3 15
3 17
9 10
4 12
6 17
4 10
4 18
13 15
6 7
8 10
1 8
1 19
14 15
9 16
8 9
7 11
15 17
0 10
4 17
11 16
2 12
13 19
11 18
4 14
8 18
1 15
15 19
8 12
5 14
12 16
10 15
4 5
9 14
11 19
