100 500 0.10101010101010101 10 10
0 1
1 2
2 3
3 4
4 5
5 6
6 7
7 8
8 9
9 10
10 11
11 12
12 13
13 14
14 15
15 16
16 17
17 18
18 19
19 20
20 21
21 22
22 23
23 24
24 25
25 26
26 27
27 28
28 29
29 30
30 31
31 32
32 33
33 34
34 35
35 36
36 37
37 38
38 39
39 40
40 41
41 42
42 43
43 44
44 45
45 46
46 47
47 48
48 49
49 50
50 51
51 52
52 53
53 54
54 55
55 56
56 57
57 58
58 59
59 60
60 61
61 62
62 63
63 64
64 65
65 66
66 67
67 68
68 69
69 70
70 71
71 72
72 73
73 74
74 75
75 76
76 77
77 78
78 79
79 80
80 81
81 82
82 83
83 84
84 85
85 86
86 87
87 88
88 89
89 90
90 91
91 92
92 93
93 94
94 95
95 96
96 97
97 98
98 99
99 0
0 2
1 3
2 4
3 5
4 6
5 7
6 8
7 9
8 10
9 11
10 12
11 13
12 14
13 15
14 16
15 17
16 18
17 19
18 20
19 21
20 22
21 23
22 24
23 25
24 26
25 27
26 28
27 29
28 30
29 31
30 32
31 33
32 34
33 35
34 36
35 37
36 38
37 39
38 40
39 41
40 42
41 43
42 44
43 45
44 46
45 47
46 48
47 49
48 50
49 51
50 52
51 53
52 54
53 55
54 56
55 57
56 58
57 59
58 60
59 61
60 62
61 63
62 64
63 65
64 66
65 67
66 68
67 69
68 70
69 71
70 72
71 73
72 74
73 75
74 76
75 77
76 78
77 79
78 80
79 81
80 82
81 83
82 84
83 85
84 86
85 87
86 88
87 89
88 90
89 91
90 92
91 93
92 94
93 95
94 96
95 97
96 98
97 99
98 0
99 1
0 3
1 4
2 5
3 6
4 7
5 8
6 9
7 10
8 11
9 12
10 13
11 14
12 15
13 16
14 17
15 18
16 19
17 20
18 21
19 22
20 23
21 24
22 25
23 26
24 27
25 28
26 29
27 30
28 31
29 32
30 33
31 34
32 35
33 36
34 37
35 38
36 39
37 40
38 41
39 42
40 43
41 44
42 45
43 46
44 47
45 48
46 49
47 50
48 51
49 52
50 53
51 54
52 55
53 56
54 57
55 58
56 59
57 60
58 61
59 62
60 63
61 64
62 65
63 66
64 67
65 68
66 69
67 70
68 71
69 72
70 73
71 74
72 75
73 76
74 77
75 78
76 79
77 80
78 81
79 82
80 83
81 84
82 85
83 86
84 87
85 88
86 89
87 90
88 91
89 92
90 93
91 94
92 95
93 96
94 97
95 98
96 99
97 0
98 1
99 2
0 4
1 5
2 6
3 7
4 8
5 9
6 10
7 11
8 12
9 13
10 14
11 15
12 16
13 17
14 18
15 19
16 20
17 21
18 22
19 23
20 24
21 25
22 26
23 27
24 28
25 29
26 30
27 31
28 32
29 33
30 34
31 35
32 36
33 37
34 38
35 39
36 40
37 41
38 42
39 43
40 44
41 45
42 46
43 47
44 48
45 49
46 50
47 51
48 52
49 53
50 54
51 55
52 56
53 57
54 58
55 59
56 60
57 61
58 62
59 63
60 64
61 65
62 66
63 67
64 68
65 69
66 70
67 71
68 72
69 73
70 74
71 75
72 76
73 77
74 78
75 79
76 80
77 81
78 82
79 83
80 84
81 85
82 86
83 87
84 88
85 89
86 90
87 91
88 92
89 93
90 94
91 95
92 96
93 97
94 98
95 99
96 0
97 1
98 2
99 3
0 5
1 6
2 7
3 8
4 9
5 10
6 11
7 12
8 13
9 14
10 15
11 16
12 17
13 18
14 19
15 20
16 21
17 22
18 23
19 24
20 25
21 26
22 27
23 28
24 29
25 30
26 31
27 32
28 33
29 34
30 35
31 36
32 37
33 38
34 39
35 40
36 41
37 42
38 43
39 44
40 45
41 46
42 47
43 48
44 49
45 50
46 51
47 52
48 53
49 54
50 55
51 56
52 57
53 58
54 59
55 60
56 61
57 62
58 63
59 64
60 65
61 66
62 67
63 68
64 69
65 70
66 71
67 72
68 73
69 74
70 75
71 76
72 77
73 78
74 79
75 80
76 81
77 82
78 83
79 84
80 85
81 86
82 87
83 88
84 89
85 90
86 91
87 92
88 93
89 94
90 95
91 96
92 97
93 98
94 99
95 0
96 1
97 2
98 3
99 4
